1111010111000110101101000111001010011000111011100100101110100110
0010000100011111011100100011101101100001010011111111101101011101
0010010001111110100000111010101011100110010000110100101011110100
0010111111101011001110101110110010111111010110010111011110110010
1101000010000101010101101101110000111001101111110000001001011111
0111010000111110100110110110011101111000110011110001101101000001
1111100001001101110001000000110111000011111011001100111110011011
1100010111111100110000011001010001000011110010011010011111111000
1010001110001100010111101101010000101111000110000101011101011100
0001101001110110111011111110111100101110111110110101101100111011
0000100100010101100000110001100101000101100111000011110100000110
0001100000110101001101100110011101011110000011001011000000110011
0010001010011001001101000110101111100100010100110100110010010000
0100011100110100011001011010100100011010111001000110111000011101
1110000010010001011010111110101110000110001101111001101111011101
1001101010100011110010101010100110011101110000110110101010100110
1001011011011101010110000011010010010010010110100100011110101001
0001011111111010011000101101101011010010011011010101011110100111
1011001000110000100001100000110110101101101111010000000000001000
0010111000100111011110111000010000101101001110000101100110001011
0100111110101100010110001110011001010011010111111101111101011111
0011001011111111110011000000100110100010010011111001111111110010
1011100001000011111000000110010001110101101010100000010001100010
0111110111010010111001110001110001000100011000001111011001010111
0110100110010111011100101000111110011111101010001010011011101010
0000101000010111100011000111110000000110010110100110000100000011
0100000111110100110100100001000010101010001100110000000000100011
1101011111010101110111110010110110110011100101100111010100101111
1101010101010110101000001010011101010110100110101010100001001110
1100010011100010010000111111100000111100100000100110001101110110
1001011001001011011111010000101010110111001100100111001110011000
1000111010101010101011110110110111100010100001010101110110001001
0001111010011101110111111011011010011111001100010110010101100001
1001001010010110010010101101100010000000011011000110010010110011
1110011001111011110111001110111110000110001000001110110100011110
1011100010010110010110000100101101001001111110000111011101000110
0111010010001100110000010011000111111111101001110110100001101011
0110001110110000101101101110001111111010011110001000001111111010
0100000010111110100101101010100101010010011010101100011001101001
0000000011010110001011001001111011110101100100000101111001111100
1011010101100111001010101001000101100000001011111010010100111011
0001011011110100000101001101001011101000001001100110111010110100
0011010000110111111000010010101011010011001110100101001000000011
1110100010101010110110100111000001110010111010100101101110000001
1011111000101000011011000101110110001101011010101111011000100001
0100111011100001000001010000111010011111001000001110100100101111
1100010010011111101101001000010100110111111101100111110010111010
0011011101010010101001010011111101111011101001001011001101000000
0011111101100111100110000101101111110111001101111101001110011101
1010011111101001100010100100001000110111101110100000011010101111
1110000010101001111100100111111111001101011001010111001001110111
0110001111001000100011101001110010111001001001110011100110010011
0111000000010101010111100100011100000110000000000010011011011001
1110111001011101010100011000111110111010100101010011000010001110
0011100100111111000101010100001101100011111010011001100011100111
0001010010000000110101000001001110000011000111001101110100010000
1111111010100000101000100101000111101011001110000111011010000101
1001010101101100010011000101100110010010100011101011001110010001
0010001101000101101100001101110010010011110001100110001001110000
0011111101010011000010101110111011111011001000011000111001010011
1111100010111000001101111110010101000000110100011100100101010100
0011011100011011100110010100001100100100111011101011001100000110
1110010011111100100011101010011110111101101111001111001010001110
1110001010001101110010111110110111001010111001001010001110111101
0100001000001001000000011010100011111011000011001010010001000101
1101010101001010110001010100011100100000001110010010111111110101
0110100111111100111001011010110010000011001000000000001000000011
1000101010000001101111100110100110011001111011010010100110010011
0011110001111100111100010001110001011111011000001100010100100011
0010000111110000000101011100001110100111000101100101110010100111
1101000011011110001011110000001110001010010000000110101101101111
1010111111110101110010110000110001000000110110011011011111011110
1000110101011101010001110101110100101111111000101111010100011111
1000011000110011111000101100100011011110001111100010011000010011
1101010011101100011011111011100101000000100101001000100111000001
0000111011111111111011110111000100010101011101000011000001111000
0100010110000010001110010010001111101110001110111010100000110101
1000000101111011111111000111110010111010110110001001001001100011
0010101101100100001000000101001110010000001001101100111011011101
0001001101111111101101100010101101011001011100111111110101100100
0110001110101100110111101010011110110000011101111110101001110101
1011011101000001001100001110111100001011010100101110011101000010
0110001010110110101111111101101101101001100110101011010100111010
1101010110111000001100001011000101001101111100001111000100001101
0100100001111011010100100010111100110111010011100110100110101101
1010100110001111111110000111110001001010010101110001010110000101
1111000111111111001011000111010001010101110111010010101001100010
0111010001001101001001111101000011100010010001110011100111111100
1110110101010000101110010111111111100110011011010110110001110011
0011111100111011100111110000000011000100101111101001111010001010
0011100000110111111011000100111101001001111011000001110001111010
0110001011111011001010101001000001110010011010100111101000110001
1000100111111000000101011100110110010110011010111100110010100100
0001101001101011111100110110011110011101010111100101100010111000
1100111001100110011011011010101111101101110011100110110111001100
0110011010010000110111100111110001001100100111110011000100110001
1110101111101011101111101100100110000000010011001101011110101000
0000000001111100010000100010000101101100101110011000101101000001
1010000111111000101010101101100011010011011010011101000001001110
0110100001010010000101011111110011100001001010100110011011010111
1111001010011101011101101110100111101010000100101001111100110100
0011101000111100000100011011100101001000100000110101101110110111
0101111001111001110101000111010000111011111000110011001011010100
1001000000001110100111101110111111000001110110010101001011010110
1111000100111111010110101111010100100101000000111110100010111010
1000110111110101111001000000101010011011100100100111010000100111
0110110010110011001110010110110011000111000100001000101011000011
1101001001011110000111111111100101111001110100000000101000010110
0100011101010011001100101011000101010100101111100011100000000010
0000101011000100101010001110010001101110010110001011101001111101
0111110001101110010000000111010000001100100010111110001011011011
0100011111011101010000101011111001011011011110010101111111110110
1000000011111100011110101101001010000011101000001101110101000011
1101100110000001110100101001011011011101100000101100001001000100
0010010011010110000000011110110100100000001111101110001111000000
1111100101000011101001001000110010110110001111000000111011010100
0101001110000001100010000101000100101100110110111100001111111111
1100010101011000011000001000010101100110101000110000011101000011
1110011110100010101101001111111010010110111101001010111011100100
0100110000101001000100000000011111101111001111110010101101010010
1001010011011000101111100110110000100010011111001101001000000010
0101111001011010101011100011000111010010101100000101000101010011
1011000111011010110011101000111000111010101011010001110011001110
1101010111111010010001110100110001110101011001011010000111110110
1111100111110000111101001110101111110001101000101000000110011010
1010100001101000000010000101011011010110111001010011110100100000
0010001000000010001100010010100000011001110111110010111100011100
1000010110000110100100110101000110000111100010001011000000110110
0110110001011010001111101110100011110101111010010110000010010111
0000000111010000110000000001100010010011101011000010100011101100
1010010000100010100010101101100011110011000110000010011101101101
0001110011100101000010110000110110001110101011001101111101100001
1010100100010111110100101100111001011101111100010101001101111011
0010111100010010000111101110111100110110101010001000000111101001
1010001110101111100001101000100101010001111110101101111000000101
1011111000110011010101000100110111101101101001110010111111110000
0010100000011110001101101101001101110001010000101010000101110010
0001100111111101100100100110000111100010010011101011111100110011
0000000111000100100010000000111011110110001101011010111010010101
0010011010010000110100101100010001110100111001001011001101011011
0110001001001001010111010010000001010101011000001110010000010001
0011001100100010011010101110110000111001000111010101110101111101
1001110110111101011000101010101110000000001011110100110000111000
0100100011101011001000011111111111100001101111010110100011010000
0010010101101111110000110010011011000011000101101100100111011110
0010011110001001011101001010001011001110000110110011101101110110
0111110000110100100101001000000100100001111011011101110101111100
1100110111101000110111100101111001100101101011001101101001111110
0010111110100100000010011010100110010011100011011000011001101000
0101110010101101110000111011000010010011011001100110111110001000
1111100111100111000011101010000010111000111000100110101000011101
1111000101000010011000101111110001110001100110110010010110110010
0110000000111011111011010011110000001101110011110000011101000000
1101111000010001101001110110011000011100001001110000011111010111
0110101110000111111011000101101000100011110010101011100100100000
0001101101000001001001000000001100011111011010110101011011110100
1010100000100011000100001100100001101001011011101110000101001011
1110010011100011010100000010100111011010111011000000010000100010
1101010110011010100011111010010000111101001011000111100111101111
0010000010001111110010101011000000001011111000101000000000101110
1001010110110010001110111100110100111001110111010111000011010110
0011001010101001100101101010101100011011101011001010110111001011
0001001010101101010010011101100011001000110100000011111001100001
0010010101100100011011101101101111100000001110111010111111000010
0101000010001011101110001000000011110000110000100111010100001010
1001001001111101011101101111101001101100010101010101101000101011
0000110100111111010011000001101001010010101011001010111111111101
1101011111011100011100011001100100000111101100001100110101000001
1101110011011000001111100001101100011110001011100000000111010011
1100100001110101011110111101000110110100011011000111011011010110
1110011110101010100000101010011010000100010001111010001111001100
1100001101000110100110100001010000000111100001001110101100011100
0110001010100000010011111111001101111001110100110111110000010101
1001010101100110100001001010110000101010110111000011110000010011
1100011001101010010110010100111110000101111001010011000101000001
0000111101111000000010111010111011000001110001110000001000011011
1111011001110011100100010110111011001011111000011100101111001010
1000111101100010011001001100011110010111000000001110110011001011
0001010100110100111011001111100011111001011110010010001101110100
1011010001000100110010101110010001110111010111000001011111111110
0011001100011001110100001111100101010111010111010101110000111101
0000001111010100111101011111011100101011011110110101100000001010
0011011111000101101000001000100111000110000100110010011101110110
1110100110001100000010011101000001000000110010100100011000011100
0011101100101111000010110110101010111011011111000110111110110100
0000010011110110100000111100101000111111100101010001010000010111
0101101000011010101000000110100110101001111001011000011011110100
1100001101110100010001100100101010101101110010111101100100010100
0010010011100110011001001101110011101000010111010110111111110011
0001010000110110100001001001110111000110111000001001011011000111
0100100110111001010101010001101101000001000100101111110101001101
0100110101100100100011001010000111001000000011100110000001011001
0111000010110010011101100011110010110010000001001100111001000010
1111010010100000011001100001000100101100010011110011001111100111
1100001011111000101010101001000001001110011101101011100100011110
0011101001100111011100001000011010101011110000001011111110010110
1010100111010111011111100111010110000011111010001000001110010110
1000101111110100010001001000110000111110100111010001111110000010
0101110000111101111000001010110011110010000011011011011101011101
1010001101100001010111100100010111000000110101011010010100000010
1010101100110111100101001000010010100100110001110110011100010001
1000111010001110101100000000110110010111010100011001011000101011
1001001100011101110000111111010101111011101010000011001001101001
1001111001100011101010000001011010011101010101111101110010110001
1100010101001011100001111000001001100111110011011001101110001001
1100000111001111000001101100010111001100101111010110111010000010
1100010110001101100011101110101011111111110110001111001011010110
1000001000011001100011000110111011100101011100001001111010001100
1110001010000111101101110100001101000001100010001101101001111011
1010111111110010000010101101011011010000110101110010000010000010
0011110011001000111011010011100000110000000001011000110111111100
1011111111011100000111001111000011011101000010010100101111110100
0101001101010010000011101110110111011100010111011100100000111110
1100111011000110001111100000010001000100100100011001001001101001
0111001010111011101001110101011010010000000110011011100110110010
1010110101110110001001100001000011111101111001011111110100110110
1001101001111111100001111111101011001011011100001101101001011000
1010101101001001000111101011011110001001101010110011111111110010
1100101011110110010101001010011010100100001010011001011111011111
0010111000001011000000101101011010110100111011001010001100111010
1111001110011110110000111010000110000010100100100110100000001111
0000100011000111101011011000000001111111010100110100010011010110
1000110100011101010000001011100010100001010010101100000000100111
0101000010111010011110001100000011011110111100000001111001000100
0110110110010101111111111010100000110101001110010101101110101011
1010110111111101101011011001100011101101111010110110001101010000
0000101100000011001100111011100000000001011001011011000011101011
0000111111010011000010010011010011000000110100000100010011100101
1111000110010010000110010000000111101100111000001001110100100111
0101110101001101110111111011001101000011111001100001000001010001
1011110111111100010101010110010000111101011100000011111111101010
1011001110100101001011010111100010000000010011010100000110101101
0011110011100011001011011111101111001111111111101110100110010110
1000011001001001011101100111110001110111101111011111110100110000
1110100111101111010010000111000001011011101100101000010100001111
0101101011010010110000100000001100001011110000011011001001101000
1101011101010000101000100000001100100111111010110110000110001010
1010010000100000010001110001100100111001100001101101100010001000
1011000000111011000110101010010001011110010001001001100001010100
0001001000110001100001011011011101010111110001111010011001101110
0110101011110010001111000100010101101111000111010001011110011100
0111100000001011111110010100100000010111000011100110010101001011
1111111001000001000100111111011100000100001111110010010111001011
0000101111101111100100100101110011000010010010110011001110101100
0111110101110101001010001001100111111000101111101011111100101010
1101101101001101100011011100010010111000100000001011000011001100
1000011100010011010111100001000001100000010101011001011010101010
1110000111110010011001111101001110100000001001000111011000110110
1001011110010010110111001110111000000110001011110011000001111010
0100011111100011001101000101001100100001001000010111111000100101
1101111011001101011110110011011010110101110001101001110011001111
0100101100110100110110110110000111011001101010111011010111111111
1000001011000100011001101110010010110111010000010010011011001010
0010011001111000011010000100110100101100101011010010101000110110
1100000101000101001101111010111101000100011111110000001000010000
0000010100100100000110110000111100100110000101111000000010001111
0010010010001110011101110011010110010110011001101110010011100110
1000001010001110000000000100110100000001101111111010101011011001
1100111000011011011101001001110000101010010011100001110001001101
0010011110100100101011111001101000010000100000110001110010001000
1101111100101000101011001100111001010110000001001000000111110101
1010100011011000000001111100011111001000010101101001110110001101
1111001010000000010010110001011010101000001000101101110000010011
1111110101111011111101010100011001001000010001000000110111101110
0001101011101010110101111111110010000111110000010100101100001001
0010111000001111011000111101011111101000000000101111110000100011
0010001000011110000001001100001110000011001111100011100001001111
1110111110110000111110111000000001011110100010100000000110010101
1011010100110111101101011100101101110011000010010000010011011111
1000101010111000100100010110001111110111011010001111100000010101
1011110101011000100110101000010101100110101111001110111010100010
1101011001001100011011000010000011010001111010111011100001110011
0101110100011010010011000000111011001010111001100100001001000110
1110101101110001010111000110101011111010100101001100111100011110
1000000101011000100000001101011110101000010001001001111001100101
0101000101010001111101011001011010010110101010111010010000001001
0000010101001010101011001111000110001000000000100100001011110111
1001000011010001011110111110100010101101111100100100011001011110
1110011100101111110101111100001010110011000111001010100111111010
0000001001101100110101100111110000111110010000011010100010000010
0011000100100000010010111101110110001111010001001001111101100000
1101011000111011101101010101100100110000101010100101010110100001
1000000111001111000000000110010011110110001110000000101101111010
1110111101110011110100110101010001001110110011000110111010100101
1011010101101110000100111000011100001001001111111110011011100100
1010100011100010000100011111111010011000100111000001000011011010
1000111100111011010100011011101110110001001011001011011001011110
0010101101100001000000010110100100011110100001100000011001110000
0000000010110111110110110000010001100110110110110101001100001101
1100011101100001101111001110100110010001010110110011001011011000
1011000100001111011110011101101000100001011011101011100111010011
0001010111000010001000011011100000010000100100100110111111011011
0101111111011101111011011011101010111111101011010011110101001100
1000101110001001110110110001010000100110010011111110101000110001
1011100111111010110101100111100010100000001110001101000000101001
1110101100111100101000110111111101110111110010010110100010000110
0111011110110100001011100010000111000111101011110100111001000111
1100101011110011000101110110010010100111010111001011100010010011
1110101110111000111111100111111111010111111001101101000100001101
1010010001100110100100010001100001110101010110011010100000000010
1001101000111100100000000011111111011000101111010001000010101001
1011011011000110010000000110111000001011010001011110011100100100
0101100000011101001110010010000000101000100010110010010010111111
1010011010101110100110000010111100010000110000000000011100000000
0110111100001001110011100011010110011011010010011010010001010000
1000101001101011011010011011010111001001111001010001100010110000
1010101010011110111101101100001001101100010000100101111010111000
1000101110000000110001101000001111010111110110110101001110110011
1001110010111011001001010100110111001111110111011001000011001110
1000101000011100000100100000101101110001010110000101010010101011
0000110101011100101001000100011000101101100000011010000111010011
0110010011100000111100001110010011111101111000010110010101101001
1011101011101010010010000011100000110011111110010111000100100111
1001100010100111110100110110101110000110001100010010100000001000
0010110100011010001100001010001010100100110001000011010100011001
0011111001100111111101001101100001110111101100101111000000000011
0011001100001111000010101001110000111101011010001100011000110110
1001010011111100001101101110111001110000010010100010110101111111
1001000010101101010010100001000111000111011110001100011101111000
1111011000000011110111011110010000101111001110111000010111001110
1000011101100000100000111001011111111111000000011011111011000111
1111110111001001100011111100101001100001101110011100100000010111
0100100001110001011001001011010010101111110001101010100111011001
1101100000011110100110001010010110100111011001101111111101100010
1001111000100000111110111011100011100100101101111111100110001011
0100010110100011111110010001100010001100010111000000001101001000
1100110000000100101001001110010000111101110101110100000010010001
1101010000011100011100110000000111010111000101010110110011010101
0000101000010000110000100111000000110011011001000000110000101010
1000110110011001111001110111010101010100000101001001001000000010
0111110111100010111010000011001111111101010010001001110010101101
1110001001100000010110111101110100110001100111000001100100110011
0001010101110011001001000110001001001101111000010010011011111001
1110001001010100001011110100100101011001110010011100011001110011
0001011111000111101111110101101111011111000011000000011010000001
0100001111110000100000111100100010010010001011011010000001011110
1010100010000100000011011011100000001101110100000001000001001100
0110110100110011101100011101010000001101101111010010111010011110
0101110100010000001101010010001010010111101100000100100001011100
0111111111101000111111011010011011010000110010010101000110011001
0011101000101011001110001111011110011111110010010101100110000000
0000001111101001111011100111110111001101110010011100011000101110
0000111110101101001011010100010011000111111110111000011011100111
0111110001111100100010100100110101001001010111011001110011010000
1001010000001110110010001001011101010011101000101100001001100000
1001101100011110111000001011111000101110100000011011010111000011
0111010110111001110101111001010000111001100000010010111001000111
1010110001010011010110100010110110101110110101100010000011111100
1101000010100111110110010000010110000111110111101010110000000101
0111101101000100010010000011011010101010101111110010001101100000
0010101001010011001110010010111100010111111111100010101100001001
1011011000100111001011001100110100010110110010101011001111000111
1000111101100000100001110001100001000111001000010101000111011110
1101101110111000110111100110011010001101111101100011101000100101
1011001101111001110011101000000101010110110111100101011110110001
0010001100111000010010100111011100010001110100001000100111000110
0000001100000001101000000100101111110101000101010001001000111000
0100100011001100011011011101111000011011110110001110011001110010
0110111000010111010110101001011010010011100011011100101111001011
0100001101110001111011100100001000111100101010010010111101000101
0000110110100010010011100011000000010000010111000011010010100001
0000001000001100010111111111001001101011101100110001000001000001
0111111111101010111111001101101110100111001000110111101100000010
1010101001010111011001100001110010101100110100000001110000100011
1011011011111001001011111101011010101011100100011100011000111001
1011110101010000101011100001011110101111010110010011011110010000
1001110111011101000000010111011110001100000000111101011101100100
1110011000111000011101111111100100000001101110011100100110101111
0100001000100001110011101111110110100001101011110000011000010011
1111110000110000101101110000011111001101111000110110000101000010
1110101011000010101010000100010010101101010111010011000110100111
0101011110101110101011100000010100101010000001100100011011010010
0111110001000101010010000001110000110001100001111011011100100111
0011101111010110011001101011100001100100001001110010010001111101
0010110111110010000111000011100000110011010100000101011000011101
0100111100110101110100110100111100110010010100000111000011010110
0011100110011111101101111100001100010111000000100111100001110011
0110101101111100110010001010001010110010001001001001110010011010
0100001011110101100101010001000101001001100101010111000111011110
0110100111011001011111100010111100101000001010111100010100011110
0001010101111000101010000100000110101001010011010011000000011011
1001001101010010110000010100111000100110111111001110010000010011
0110111100101110001001110101011010010010000011110011100010001101
1100100010001001000010000111100100010011110011010001101110000111
1010110110111101110000001110010001111111110000000010110010011010
0010001010111010111010111010011100100110000111100010101001001101
0001110010101110010111100011011101111011000101111110111110100100
1010110001001111010010001111010101011110001010110111000101010001
1111011101110111101011110001000011001000011010111101000001010100
0000001010101000111101010011010010011100110110011100110000010110
1000010101011101000001100101000111001000001010011001101010001111
1001011101111011010000101011000111111001000100001100010000100000
0101101010011010111101111010111101110111101111101011010101011011
0011001110101000011111110000011111101010110100111010001001011101
0101101001111100011101111100100111010111010100001101101100011001
0010111101010101111011010011100011110110110111101000001111011010
1010111100101001111101011001110111001111111101101111001111111100
0011001111011101110101110011001111111001111000010100110010000011
0001100000001000100111010011001011000111000000000100010111100101
0011000000001110110100000111000011111011101110001010111001011110
1001000011010000000111100100111101001011001110011001000000001101
0110001011001111000101110000000001111001000010100000111011010100
1110111000110110010000100110111110011110111010011011000110010100
0101001100011001011110010001110110011000100001001100111011000001
1000011001111000101011001011000011110100010010101110000100011100
0011111110001011010010111000011011000110010000101111000001111000
0011000010111011101100010111100000001101111100100010011110000100
1100011010100011101110101101100100001100110101011001101111100001
0100010011000000000100010101001001001010101000110001001000011111
0111010100001010001101111110111110011001001010000101101110111001
1110100010010101011011000001100010100011011000100011110010000000
1110010000100000001101111100011000000000010011110110001100111101
0110010000001010101101101101101111101011100001111110001100100011
1111000001000101011001001001010010111010001110010111011100110011
0011100111010110110100010100101101100100011111111011001101101111
0010111000010001111001001111011110110111011101011100001111111111
1010011110101111010000110011011001010010100011011100111000101001
1111001000100000111110101001011111110110110010010111110110000101
1100100010101101110111000010000101110011100000010000100001101010
1000000000000110000111000000000111111111110111101001000101010111
0001110110010101101000001100001000011000000001010100110111111100
0111111101110000000101100000110000011011111100101110000101101010
1001100001111110101111011111111001010101110111011010011001111010
1000011100010000010100011000000010000000001100111011000101001111
0011011010111000000011111010001111110001011110001111111010100010
0111001110010010001110000110110001100101010001100000010001001001
1000111111001011111110011011101111001111000101010000011010111101
0000101101101000111110000100001001011010101011001000001111010011
0111001101100100101101111011111011000110110100011110011010000011
1010101000000101110110101101111011011000011011011010111101101000
0110000001110101000001010001000100010000010011110011111001110110
1101111000110101000110010110000011000101001001001001110011010111
1110000010011111111100110001000101001100010111101100101011000110
1111001110111111001101011101011110111010011011010001001111100001
1001000101110001011010100010101010000110001111100100000111010110
0111101001101110011110001111110010111101001110000010000001010011
0001011100001000001010011011011011110100100001111101110000001000
0000111001010010011000010011101010001101010111011101100111111000
0001001101011110001011010011010011001111010011000101011011001011
1101000101110010111111000010010111000010001110100100101011000011
0000010110000100100001001111010111000111001001100000010100101001
0101001111011100011011100101100111110001101010000101101011001000
1100001100111010011110000011100001010000011111000010101000001000
0001101010100111110110010000011100001010011101011101110101101111
0010001010100110001100001010110100110001000110111110001011000101
0100111111111100000110010010101110111110110110101001111111101110
0010101100011000010011000111001010111010010100010011000111001100
0001111000001000100110101011010111100000000110110100000111100011
1001001010011000111010100110010010101111111110001111101001101101
0010001101011110010111101101100001011110011000110011001101011000
0101101111010111100001000001100001111110001110111101010101011000
0110110000101101100010101110111110100001010111101100101111100010
0001101100011101101001101000000010110100001101100111101000010011
0101101010101101001110000100110101011000110111110110001000001100
0100110100011000100101100000110001110010110110011101001101101001
0010001001001010111100011010111101001101100010000000010100100000
0100011100001101100100111110011000010101011110100101110101001000
1101011100011001100111111001100111111100000001010010001101010011
1100010011100100111100110100110101010000000111001100010110010111
0111011000000110011100111111111011000110000100111011101100110001
0000110000011110101100010010110011100000011000010101000100001110
0010101111100011001011101000111101000110110000110100001101100111
1110010100101000111000000010011010001110111101111101100010001010
1111111110110100110001101100100010100011010101110010001000110100
0100000111011000011000011111010110000111001100011001110111111110
0100111100101000100110000110001001011010111011111011010110111010
0100100111110011100011001111100010001101010011011111011100010000
0001100110011100110011101101010101100101101110010000101000101000
1101000110111110110010100001001001111110001101001101110000111101
1100101101000110000000111001000111100100101110100110101111011110
0010001101110001010111100011000001100111110111000010011010100001
0001011010100000100010001011011101100111110111000001011010000101
0100101110011010111010001011000000010111011100101010110100001000
1111011000100011101101101011011001011001010011101011001010011011
0001011011001001111010010010100001011011100000100001111011101110
1110101010010011010001000011001011101111101001110000100111100101
0010110001011111001011000110111101110100100011001100000110000110
0111011010010011100100111111001101001010010001000110000100100011
1011010110100111000001110011101010100000010111011010011100011001
0011011100001010100101101011010111000110010010110111100101100100
1100001000101010000000111111110100101010100001111111101101100000
1000000001001000100000100111000110101011111000101100001111101110
1010111011011011111111001000100101100101111101101110001101111101
1100110111100101000011011100111100100001011101010100111000001001
1110001010010101110110001101100100010101110001111101010010000011
0011010010101011000101111100001111100111111111001100011000001010
0011001010111000010011000001010110101100011010101110110011011001
1100001011011101000111010011011100101110111110010110101110000111
1110111011001111101001001101101001010010100001011110111000100010
1001010100111100011101100010101101110011110101100100111101010110
0000100001100000010110010000000110000011111010010000111011011101
1100101110101110100100011010000011111110001101111000011110110111
0111111111011101011000010100110001101010011010000000110100010000
0100001101011111001001101101111011011101111101001011011110111110
1111011111111101110110111001001000100001010011000011001011110010
1100011001001011111001000001101000100110111011101110100000001001
0110010110011000000110010000011010001100001110101110000000000010
1001000110100000100001011100011100010110100110000101111001000101
1101101111000000010110001011001010110101100000101111100111110100
1000100111000001001000100000100110000111110110001001011001010101
0010001101110111001111101111000001110011110000000100101111010001
0101001001011001010001110100010111010000001011010011000101100100
0001010001110111111010011110100010011101110010111101100100110001
0110100011110100001111011001011111100111011000110011001001110111
0100010111001101001101000001001100010011001010111000001101001001
1000100110110100110110101110010010100001010100000000010011000110
1101100001010101001001110000100011100010110100101001001101000100
0001110011101111100000100100101011001101111110111111101100101110
1000000001010010101000111010111100111100001011010010011101011100
0100111111110110000100011011010111011110110101011110000011001001
1011000011110011001011001100111111110111110101111101101010101100
1010101000011000111011001100000011001010101011001010000101011010
1111110101101110010010110001111011000100011110000000100100110001
1011000111001111010001100110111111001111011110111110001110011000
0001100111100001000110000111011010100011011011110111001110010001
1010000000000100011100001001010111101101110101111100111101000101
1111100111010101010011001001000000110101101001011111101100001110
1101000111001111111000011010011100100111100010000111010011001000
1010110110100010001100101111111101100111111100010011000100111110
0000110110111011100101101011010010010111011101010111010011100111
1001111110101110010011110010010010100011001000011010011111101001
1100100101111001100001101100010100011000101000011100000000011000
0101010000101000100111011111101010011110101111100111010001000111
1110101001100001011110010010110010010000001011001101011100011110
0011000001100011111011011000100100110001100001001000010101000011
0011111110011010011010111010101111000010001110111001001001101110
1000001110101011011011110001011110011000100100111001010010010011
0001100001000100010010111101001011010011011110100010101110010010
1000101000000111001111110110100111000110001101011101110000110100
0100110000100011100111110001010100110111000011000000011001101101
0010100100101001001000111011000101011000100111000001011101111110
0001001011101100101111111011111110001111111110111101100111111100
1110000001010101000011010000001000001110010111011110100000110011
0101001111111100000010010100100010100000010010111101011100101101
0110010010111011110101000110000101100010101011101001101011010011
1000000001011010110100010101100011010111100110111101101001100110
0101010101111001010101101111001111001010110101000010001010111010
0100000100101010110010000000101010101000011111101000111001100001
1110000001110000000110110100001011000011100001001100010111001001
0100000111111010011001011111010001011001100101110010111010110010
0101101010100101001001001100101011110100101010100011111110011110
1110101100001110100101101110011101110011001101110001011111000111
0111000000111100111111010001000010000010011000100000001111001101
0110101100001001010001111000010001111001000011001001000111100011
1010000110110010101111111010100011001000111101100101011101010100
1100101111110010111111000011010100110010101001111000001101111100
1111101000111010110000110100001100100101100110010010000111111101
0011011100011001001011101111001001001001101111101100111011100001
0110100001010111111010110001100100111001010111010001100010010100
1001100000100011110010110010101111010010001001010111111001010011
1100011100000001101100100101111010010010100101111011010110110011
1111111000010011101101101110000111111100100010000001011000000001
1011010001011010011001100011111110011100000000000010111000000000
1101110010100000110010011001001110110010100001101001000110001010
1100011011000000011001011000101110110010001110110111000100111000
1011001111001110110011100101011110001011001110100100100000111110
0000100011010001111101010110100011100100100001101111111101111110
0001011000110011000010010001111001110100101001011111100110100101
0110101001100101101001101001010100100001101101101000011100010111
0000000000010111011111100001111001100101001100101010100001000010
0100000000000011101011010111101011001010010101001000001110000100
0010011101101000110001100011100111101100010101111111111100111010
1010010001101000010111111001111110011100111001111010110111110110
1101001110101011011011000101111110100111111010100000010111011100
0001111001001110101111101000110111100110100110100010100101101101
0100001110011010111111101111011001101101010101011110111010111111
0100000010111100010001011111001001110111111001000010110001001100
0011001110111101110010101110100101110110000110110010010010111000
1011100011011101101101110101100001100011001101100010000101000101
1100101100101111101100010010101011101110010101101011111001000111
0000101110111110100011010000111101001100010011001011100101010011
1010010010100001001010001010111101001001000111101001111100001010
1010110011011010000001101001101010101101001010101011100011101011
0101011101011101011000111011011110001010010111011001110100011001
1100111011110000010001110101101010110101011000100111001011111110
0010101000000110011101011101001010100101010011000000101110110110
0111011101011100101111011011011101010001011101011111101010000001
1100100101111110011000100010111100000110100001000011100110110000
0100000010110111100100101000101010111011010000001111011000101101
0010011010001101110011010001111001001100000111100010001001010110
1000001111100001101101001101001011100100101011010000000100010000
0011011100100000100000100011101001011101000100110011000111001011
0001010011001100011101110010011011100001010010001011100101101001
0001100101111100111111010111010011011100101110010101000100101101
1010111001010110110110010001110000010111100010110101000001010010
1000111011000101000010100110110111001110001101111001000011110000
0010101011000100011000010011011110110011000001101110100101010011
1100010101100001111001111011011000000001100110110110000001000110
0111011100001010001101101000110010101111001001010110000101110101
1101101000100000111011001110001101000010011001110101010000100101
0011011011100110111010001111011100010101010100110001100001110110
0011000100100010001100100001001110000011001001111000100000011100
1010101011111000111101100100000111011100100101011110011010001100
1001111101111010101011000110100011100111000100101100100101001011
0001101001111011110100111000001110100111100111101010100010000111
0011110000100101111100100100110110010100000111100000101010110010
1110011001000101100110001100010000101000011100100111000011101000
1111111000101000000111010110011111011010110111110010110011001000
1111011000111011011110110101100110100011000110110111101111001000
1010000100111101110001011001001100010010010010111011111010110011
0101111000101010111110000010001010010111001100001100011001111011
0101100100010001111001000100001100000000010001011101010111111010
0111010000010101010001101010001101111000001111001101000010101001
0010101001101001000011111011010010010110110101011000001111001001
0001101101011101101011100010110010101100010100110011001101000111
1111001010010101011011111000101001011000001000101101100101101101
1101001110000110111101100001101110000000000111000110100000110101
0110010000110111111011101001000010010101011110101100100010111000
1101101100110110001011010110011011100010001001100001101101111100
1101110001011111001011001111100111001011010110001010000110101011
0110011011000100000110111101111101110010011111101100100101100100
0010001111011100101001000100111001001110000100010110010100011111
0011001101110110111000000111010101010011101111110011110111011010
0001101010110101101010111110101101111101000110010100110110110001
1100100011101011010000011010101010000000101100000101111101110111
1100001101110100101010000110000010000100000110011111011010100001
1010000100000111110000110111001001101000000111000010100101011111
0100011010011000100001110110011000011011011011100010001111110111
0001111011000101010101110000011110010011011111011001001101101010
1010111000010010111001101111111101011101010001111010010011101111
0011110011111011111001000100100001111110110101111000100111010001
1101101101001001110110100001011110101101101110100100111010001111
1001001111110100101011001101010110111000100111000100011110010111
1010001010001011110000110010000101011010101100011010110010001001
0000001110111111100111111110011010101110101000111110010001010101
0010110000101010111101010001010010101110100101001011011010111100
1110100101010000101101111000000010010000101011101111100000111101
1111000101001101001001110011110100101010100001111101010110111100
0100101111011101110011101100110111110110001011101111101111011000
1111110011100000100100111110010010010011111000110101010100001010
1100110001111110011110010010000111000001110101011000110110110100
0001011010010110001000000100011011110011001101110011010011001110
0010010010001001100010110100101010010111111100001001001111101001
0010001001100000111001000100100001000000100010101010110010011100
1100000011000110110011110010001001000001000101110100000010010011
1111100001001110100110000001010011110001100011001000000110100111
0001011001010000100111001011000111000110001011111000101100101001
1000000100001011110110101111110100000100010001000011101010101101
1001011000110010001101101011010101010010110100110010100011100010
1101110010101101100110101010110011010111010101100100101010111111
0001100010010000010101110100000110110000001110011001010001010100
0100100010111001001101111100101110011000100101010100001001011101
0100110111011110001011000011101000100010001011011100010011010000
0000100011111000101001000110000011100100010011111010100100100110
1110111101110000101000111010010011001100100010000101000001110010
1110110010111100110001011100110011010001011100001011001010000000
0000101011100110101110101100011101111110101000011000110110110011
0010101010011100001101011110110011100111010111110111110000000101
1110001110001000011100011110110000110010100101000010000100101100
1000110101011000110010100001100001010100111000100111011110000100
0010010000011011011101101111000100110110001000001001010101110110
0011010000000100101000011101010101110101001000010010110010000000
1011000011010101111000001011011111001011010111100001100001101001
1010100101110001101100110001100000100001111001010000100001010101
1010101000101110011000000100010111000011111001100111100110100001
0110101110011001111100111110110100011001100111011110101010111110
0110100100111110001010011100100000100101111101110111010011110100
0011100011101101110100001111100010100001100110000010011111110100
0010011010010011100011011000011011011110110110111101101001101001
1010010101101100100111010111111110010100110010111010110001111110
1001010011000000111011111011010011001011010110001010100001110100
0010111011010110111111110011001101001100101100100100000010001010
1000110100101101111110100000111010110010110011001001010011011010
0101010000101011100110100010111001000111100111100000011111100111
0001110010111100101010010010101010110110111010110011000111111001
1000100111100101010000000111110000101100101101001110000100101110
0011111000010001101100000100001100010010100010111010110011010110
1000010011111010110010010111010101011101010011111100000111010100
0101000111011011101111111110000000111011010001101010100111000011
1010001100000010001010010111011101110100000111111011010010111101
0101100010100110110111100001101101101101110100010111011000001000
0101110000000101011100101111110011111111001011111110110101011011
1001101111001100101010101100111111111001011101110001001111100100
0111000001011010010010110110010011101000000111110111110011100011
0011010011010010110111101000111100001001111110001100111110000111
1000101010010100011011100000100010001111101101011101101111110111
1110111100001011010110101100101101100000101101101101001110101111
1110001100010010101001010111111000000111010111110010101010001001
1000001101111100110000000101110000000000100011011111101111111101
1011111011110010110110100010101111011110101011000010111100010000
1100010111010111010010001100011111101000100100100010001001100011
0100011011001011111011010101000111011010110111010001100110011110
1100111100101110000110110000100010101010111101010010101000010011
1110001111100110100011110100100110001110110110011010000001101000
1100011001101111010011010010101111010100110011011000011111110111
0111001110000101100011001111000100001100100100111010110101000101
1111000001111001011100110001011101100100110011000100000110000000
1011100110111011100100011001110011110011110100000010111111001000
0111110100101001001111011000101000111010111100110111011111011100
0111010101110111100011011011100110000101000110101001101110000110
1101010101110011111100010011110110110011011000000100000111001111
1000010011111111100101011010110010100100101111001001100111001011
1000110010101111101010001100000011010110101011000110111101011100
0110110111111101110110001001110001001101100111110001110100100010
1110111010010101011001100110010011100101110100110010111100100001
0010100000101100010110001001111110001110011101001101100110011100
0010101011001100011111010000001110100000111011100110010001011000
0011100001000100100011011101000001100010101000101101011100000100
0101011101000011101011011010011000100100101101101110110100001100
1111110011010000000000101101011101010111101111001001011110100001
0111100000110111101111111111001011011001011101010011111100010001
1010001000111010110111000000000110111110000110110011100111110001
0001000110111000011100101100010000000100101100101110010100101110
0000000011100000111000101001101010101000101011100100001101111001
0010100101110011110000110001111101010110100000100110110101110100
1110110101011011110100000000000110111100110011011011101011111111
1110101110100010001111010011011110111111110111001010111100011101
0100011101010101110110001000011101001110110110001000001000101000
1011000011001110011111111011010011010011110101000001011000100100
0100000011100011011100101001001110011110010100001011001000011001
1110010110100110111010100000101010000000101101000111010110111001
0000001001100011010100111001111111010000011111101010110001011010
0000100010001011111000110001110001011111101010000110001011110011
1110001111011101101101001100100110011011001011010101011111100010
1111000001010110101011010011001001011011111101111110110001011110
1110000100010101100001000101011100000011010011111010011111000111
0110110011100111000101100100111101110110100111001001110100001110
1100100010010100110000001100000111100111000101100100111110101011
0100111011000111110101110101001000101100100010000111110100111010
0011111000001100111101110111001010011100010101001101111110100011
1100010100011010010100110110110110110010100100101101001100001111
0011111110101100011000000000000011010010001100111100001101100100
0101001110001101110101001011001110110001010111100111010110010111
0100111000110100001111100111101110100100010000100110110111001001
0001110110010011001111101001111010010010101000011101011000011101
0000000001000101100100100001110100011100001000101011101010110110
0100010110001100010000010100011110000110111001010100010111011010
1000011101000001001011000100011010011111100010100010110011011101
1110001100000101000000111110111101001101001111001100001000111100
1111011011011111110101101010001100010101111000011101101000010001
0111110110000110100101000000100110110011110000000101101111100000
0001001010110000110110010110110011111001100100101100001111000110
0011011000000101101100000011110011111000001101000011001010010010
1100010111100100011001111010011100011110000010100001101010001101
0101000111010010111000000000111101010100110001011011101001000011
1111111111110111100010010001101011010011000001100111100011010110
1111111111001010100010110011100001100101101110101111111100101001
0010001111011011111001100101110111011011000100111110101001000000
0101011000101110010000011000000010100001010001110110001000110101
1000111101111011100110101010101001100011111110101011101011110011
1100101101101001011100111000101101001101111111100100011010110101
0011101000110111100101000000011100010011101111001111011101011100
0010011111111001110010010111000111011111000001110101100000001010
1101101100100001110001010010010100101101000000110111111110011100
1011001110000011111001100011111010101010111110010010100001010011
0101101000110101101010110100001001001001000010010010101100110010
0111010110001100111101010101001010111000111001111010011100111101
0001110000000000001110111110000111000110001110100011100101101110
0011110100101100110010011001101011001001100101100001011000110011
1101100001100010100010101001010000101010010110011100001110111000
1111000111001110011001000110000111010111001100000101011111100101
0011010001001110100100001011101001001010001001100010101110010111
0100001001111010100011111010011100100011010111101011000100110100
1000101110010000011001100101001110011101000010100001010011101111
1011111111101011000100111111010000101111011110011010000000111011
0001001010100100100101110010001110100011010011011100011000111010
0000101110111010001000101101100101010000100101001001111001100011
0101101001111010110101100000011011001000001111100011010100111100
0010111011111001010001011111101111000111010001001010110000110010
1111001111101110001101101111011111000000111011111110110001110111
0011010010000110011101101010011110100101110001000010011010100111
0010101000111000000011001110010001011000001001010010011100000111
1011110111100110100111101011101011011111100000001101010001110100
0110101111111001001000110100101010010100001000110101001001100010
0110100110001001001111111101010000011000100000011001110011001100
0011101111100001111010000100000001110111110110100011010110100111
1101000111001110111100001000000000010001011000001010111001011000
1111001010100111111011110000100011101100000011100101001111110110
0100100011000010000001000101100010110111010011011100010000100111
